   53234.093220    6099.7223     681.3743    6055.7631     681.4652    0.8308
   53235.002552    -168.7209         -nan    5387.6102     505.0998    0.8852
   53235.967716    3114.1579     579.1215    3025.0472     579.2231    0.4376
   53239.065163    4818.2390     450.3971    4801.5676     450.4629    0.9234
   53240.063021      -0.0000         -nan       0.0000         -nan      -nan
   53242.104698    3919.1308     520.3363    3908.9164     520.3726    0.8965
   53245.136380    5276.5013     419.7222    5260.1864     419.8049    0.9473
   53248.931967    4952.6422     426.2520    4864.9580     426.4047    0.6793
   53249.066072    2371.9103     556.3684    2303.6306     556.4758    0.4105
   53250.063664    4832.4734     434.5712    4811.2197     434.6208    0.7872
   53252.158132    3726.4060     471.7671    3714.9308     471.8067    0.8536
   53254.179723    5077.0629     592.5501    5064.2025     592.5885    0.9143
   53254.924382    6535.2813     583.3715    6520.6396     583.4187    0.9454
   53256.970338    5263.2663     500.5440    5251.0651     500.5893    0.9166
   53257.912489    5000.1520     412.5219    4969.5563     412.6312    0.8707
   53259.066294    4270.7111     437.3659    4257.5771     437.4234    0.9099
   53259.978942    7618.4917     421.2574    7590.5495     421.3449    0.9464
   53260.118090    5071.6141     474.6212    5034.8561     474.7016    0.8426
   53262.913202    5121.6405     439.4134    5108.0737     439.4622    0.9099
   53272.076350    5140.8756     468.9257    5119.5717     468.9932    0.9350
   53282.066447    5743.8072     414.3318    5728.2032     414.3815    0.9321
   53284.086970    5851.5435     455.8558    5834.8926     455.9183    0.9424
   53285.064767    4861.1418     418.7849    4857.5283     418.8331    0.9307
   53293.953793    5822.4204     380.9510    5809.5194     381.0261    0.9342
   53294.899228    5851.5227     415.8869    5840.0277     415.9462    0.9482
   53295.066034    4604.7741     461.0112    4557.7538     461.1281    0.7908
   53300.920510      -0.0000         -nan       0.0000         -nan      -nan
   53301.065440    5747.0778     495.9757    5733.6197     496.0285    0.9487
   53302.921923    8667.6631     563.7209    8630.3802     563.8128    0.8689
   53303.067142    6382.2357     573.1610    6337.9682     573.2374    0.8524
   53303.978711    5157.0808     388.3181    5112.5424     388.4106    0.7871
   53304.064705    4160.0194     405.8525    4124.6996     405.9527    0.7823
   53304.939783    4852.0491     460.5212    4809.7821     460.6055    0.7774
   53305.065633    7927.4183     478.4919    7839.7466     478.6339    0.8366
   53324.907129      -0.0000         -nan       0.0000         -nan      -nan
   53324.913853    5007.2541     622.3256    4987.3894     622.3669    0.8802
   53324.920452    5247.1016     645.8331    5224.7154     645.8788    0.8904
   53324.927040    5465.3681     648.9560    5443.5528     648.9995    0.8867
   53324.933680    3704.1022     740.6187    3684.6302     740.6471    0.7499
   53340.898429    5703.6514     589.0857    5679.5477     589.1494    0.9190
   53346.903001    4254.9302     540.5220    4242.3743     540.5613    0.8813
   53346.915925    5281.2011     496.6157    5260.8268     496.6800    0.9129
   53346.924944    4418.1629     501.5435    4412.3271     501.5768    0.9159
   53347.903977    4600.8540     474.9598    4584.6302     475.0247    0.9112
   53348.957351    5118.6473     437.9800    5112.2012     438.0392    0.9424
   53359.898422    5320.6239     679.7037    5286.1833     679.7668    0.8125
   53369.909499    3557.6425     531.2173    3522.9428     531.2935    0.7232
   53372.926898    4224.3536     920.6564    4138.8801     920.7940    0.4408
   53373.897986    4774.5771     468.0457    4771.0008     468.0751    0.9061
   53377.903213    4787.9052     479.4859    4775.4016     479.5379    0.9078
   53378.900812    5406.8898     480.5290    5393.3717     480.5779    0.9431
   53378.919168    5169.0377     497.3787    5157.4386     497.4121    0.8989
   53382.923916    3586.5927     660.0683    3575.0619     660.0924    0.8088
   53384.905112    5422.4053     429.4976    5411.5700     429.5592    0.9220
   53598.148009    4839.2716     545.9050    4830.4610     545.9488    0.9617
   53599.008939    5120.8577     473.5452    5110.5005     473.6023    0.9606
   53599.134486    5377.6084     395.2873    5372.7605     395.3561    0.9775
   53604.991578    3976.0052     427.8602    3962.9644     427.9263    0.8459
   53605.131613    6373.8611     374.9047    6311.7056     375.0246    0.8239
   53605.971982    3656.2832     455.4776    3644.7812     455.5453    0.8806
   53606.990849    4673.9574     662.4894    4632.6748     662.5671    0.7186
   53610.017974    4814.6684     469.8652    4782.7123     469.9462    0.9074
   53610.145132    4668.9314     400.9375    4652.1380     400.9984    0.8789
   53613.971578    5133.3132     417.6971    5126.7755     417.7501    0.9346
   53614.129236    4849.0179     410.8580    4823.6866     410.9389    0.8415
   53614.965426    4268.5332     435.9805    4250.3565     436.0664    0.8915
   53615.979044    5064.3584     421.7425    5055.0715     421.8108    0.9368
   53616.128010    4669.1541     420.6616    4663.7042     420.7051    0.9140
   53617.171992    4693.8380     493.5136    4683.7806     493.5644    0.9620
   53617.972238    5258.8323     587.8147    5247.7511     587.8575    0.9230
   53618.129114    4489.7805     524.3063    4478.5337     524.3551    0.9456
   53619.167789    4373.1709     469.3672    4366.0988     469.4099    0.9449
   53625.971638    3802.3724     860.6344    3786.3524     860.6670    0.6837
   53627.981417    4554.0392     884.4126    4527.4568     884.4573    0.6748
   53628.130302    4798.8515     562.3161    4789.8368     562.3570    0.9511
   53629.009387    5001.6898     411.8413    5000.5386     411.9018    0.9718
   53629.130413    4757.0513     414.5663    4750.2674     414.6269    0.9330
   53646.144171    4621.6170     534.1175    4613.8021     534.1510    0.9400
   53647.969764    4619.3733     521.6587    4610.3515     521.6997    0.9421
   53648.966688    4849.7242     396.9950    4851.8163     397.0415    0.9586
   53649.129686    5159.8681     382.6109    5161.9582     382.6621    0.9574
   53653.974556    5668.3241     606.1192    5662.8571     606.1476    0.9627
   53654.140809    4573.3106     653.5616    4560.1765     653.5978    0.9123
   53656.129683    5172.2294     458.6548    5172.3777     458.6898    0.9826
   53657.129944    5313.0510     462.6065    5308.7385     462.6427    0.9646
   53661.132064    3143.0596     541.9597    2979.7464     542.2030    0.3931
   53661.176851      -0.0000         -nan       0.0000         -nan      -nan
   53662.141793    5685.8854     429.8717    5678.2888     429.9294    0.9689
   53664.162692    4764.5189     471.4575    4763.5754     471.4895    0.9647
   53664.853878    5545.0116     418.2302    5538.8720     418.2875    0.9756
   53664.967024    5151.6762     493.3554    5145.7207     493.4001    0.9681
   53665.135061    5027.7427     471.1137    5029.0004     471.1412    0.9737
   53665.832332    4395.0611     427.3391    4390.8384     427.3906    0.9318
   53666.825980    5003.6728     495.0760    4997.8222     495.1160    0.9584
   53666.968992    5001.2044     611.8445    4996.6523     611.8691    0.9561
   53667.854443    5168.4571     415.4153    5163.3069     415.4681    0.9638
   53667.980064    5281.6586     539.4978    5265.3513     539.5436    0.8944
   53671.322626    6339.2168     686.4265    6340.4343     686.4551    0.8045
   53675.011445    4656.6303     491.9554    4655.6682     491.9888    0.9598
   53676.972978    5382.9180     427.7584    5381.2708     427.8029    0.9684
   53677.976332    4617.2464     502.0225    4600.6162     502.0804    0.8829
   53678.976952    5651.1798     741.6411    5647.1431     741.6628    0.9457
   53679.964436    4531.9984     789.6863    4526.5326     789.7063    0.9069
   53680.167131    4352.4616     572.2109    4344.3697     572.2439    0.9087
   53680.861570    4986.2220     488.5726    4981.2089     488.6015    0.9396
   53680.963556    5046.4367     473.1746    5042.2599     473.2106    0.9561
   53681.844134    4945.2450     444.7344    4896.4760     444.8386    0.7985
   53682.878460    7130.3685     649.3038    6999.8143     649.4675    0.6925
   53684.000010    5015.4998     420.8199    5013.5665     420.8683    0.9577
   53684.971818    4981.2365     570.0453    4975.6513     570.0764    0.9656
   53694.980500    4631.8196     432.8681    4630.9363     432.9091    0.9621
   53695.970776    5497.7802     437.5448    5176.9902     438.0875    0.5358
   53698.978875    5260.6091     514.8741    5233.4973     514.9317    0.8621
   53706.843868    4339.4964     538.5799    4329.9148     538.6236    0.9512
   53706.976008    4660.1366     570.4503    4654.4330     570.4810    0.9581
   53707.875403    5922.7980     479.1302    5893.1085     479.1973    0.8736
   53707.967968    6024.3374     386.2051    5953.1897     386.3508    0.7870
   53708.826614    5573.6650     403.1470    5548.3652     403.2117    0.8902
   53712.842098    5634.2838     700.1243    5615.7001     700.1544    0.8439
   53712.878108    5096.6273     725.2881    5086.0887     725.3188    0.9244
   53714.019653    4877.8938     648.8055    4869.5846     648.8381    0.9495
   53714.818549    4421.4176     739.0147    4417.5713     739.0326    0.9189
   53717.981794    4327.9430     460.6883    4320.4712     460.7364    0.8829
   53726.817166    4867.1042     485.1483    4851.4804     485.2018    0.8660
   53726.976577    4783.6817     553.7074    4779.8060     553.7389    0.9722
   53728.829957    4219.1636     532.8680    4211.0816     532.9027    0.9314
   53728.969178    4366.5950     575.6251    4362.2009     575.6523    0.9467
   53730.822405    4647.7717     569.0894    4647.7402     569.1080    0.9469
   53734.822374    4564.7809     451.2084    4564.5625     451.2472    0.9615
   53734.965526    4492.8758     721.7614    4488.0586     721.7813    0.9390
   53735.841266    4276.7503     441.7527    4240.9638     441.8066    0.7196
   53735.973014    4975.2277     629.7476    4971.8280     629.7692    0.9544
   53737.832088    3830.2119     814.1286    3826.0025     814.1449    0.7909
   53737.991185    4129.4744     944.5973    4117.7211     944.6205    0.6803
   53756.822887    3702.2991     866.6257    3697.0873     866.6446    0.8512
   53766.853972    4523.7992     406.1719    4503.3836     406.2792    0.9009
   53966.139752    5332.0837     513.7194    5318.5733     513.7696    0.9536
   53967.130524    5324.7001     513.0815    5316.8750     513.1268    0.9784
   53968.072106    5494.2975     489.9735    5476.3640     490.0358    0.9439
   53968.164800    5232.6547     577.4567    5228.5727     577.4857    0.9790
   53968.977293    5461.6234     751.1755    5457.4454     751.1950    0.9153
   53969.170740    5722.7587     673.7182    5718.2546     673.7440    0.9640
   53969.990296    5565.3299     474.7418    5559.0938     474.7868    0.9809
   53971.983848    5741.8266     572.7582    5736.3126     572.7908    0.9683
   53972.962527    5266.3267     492.7028    5260.4388     492.7405    0.9636
   53973.038534    4969.8583     488.1165    4963.7766     488.1576    0.9656
   53974.062160    4987.5337     626.5639    4978.3562     626.6001    0.9576
   53974.991542    5329.7708     409.6154    5325.7634     409.6625    0.9568
   53975.964037    5463.6346     409.6943    5437.3339     409.7761    0.8864
   53976.064261    5360.9909     403.4879    5357.4072     403.5370    0.9445
   53979.003510    5650.8616     512.2525    5645.3886     512.2880    0.9750
   53979.088479    5665.4563     466.3329    5662.3272     466.3718    0.9829
   53979.170282    4454.9287     476.2053    4449.9975     476.2422    0.9279
   53980.117609    5274.5676     462.2932    5261.2667     462.3478    0.9462
   53980.988993    5852.4320     391.1956    5848.9516     391.2561    0.9652
   53982.939051    3669.8109     947.5728    3658.2991     947.6160    0.4539
   53983.977704    5897.3297     490.1663    5887.3878     490.2195    0.9638
   53984.053221    5303.1032     658.2947    5292.4761     658.3253    0.9188
   53984.162014    4187.0521     563.9023    4183.6849     563.9270    0.9228
   53984.997453    6570.5752     433.6102    6562.4121     433.6582    0.9681
   53985.112146    4643.5566     442.1756    4625.9633     442.2374    0.8549
   53985.198051    5925.1172     449.2445    5919.4298     449.2885    0.9632
   53987.038214    6540.1931     432.3898    6508.9393     432.4809    0.9224
   53987.186271    6333.5746     410.5937    6327.1614     410.6598    0.9737
   53988.023500    6670.6279     433.6664    6533.7108     433.8118    0.6604
   53988.044738    6433.3181     450.1884    6337.0942     450.3822    0.7243
   53988.115219   -2092.8852         -nan   12716.2089     612.2432    0.1209
   53988.983063    6067.3968     467.6355    6055.2029     467.6906    0.9643
   53989.051745    6635.7800     466.5372    6622.9515     466.5944    0.9543
   53989.155432    5936.4614     583.3303    5921.9706     583.3740    0.9397
   53989.919826    5668.2416     470.1719    5667.4524     470.2084    0.9754
   53989.992282    5252.2576     420.2437    5250.0039     420.2946    0.9665
   53990.109665    7402.8943     399.7509    7394.7154     399.8208    0.9820
   53990.197809    5110.6753     439.8082    5102.7238     439.8617    0.9338
   53993.023647    5895.8637     415.2158    5894.4229     415.2667    0.9818
   53993.115786    4561.8536     455.3559    4558.9930     455.3927    0.9354
   53993.226931    5485.1918     527.8695    5483.6880     527.8990    0.9801
   53994.006567    5289.6603     487.0055    5284.2495     487.0471    0.9793
   53994.064677    5975.6924     518.4075    5969.8518     518.4466    0.9797
   53994.160335    5940.0951     494.0731    5939.7746     494.1065    0.9850
   53995.050078    5067.7667     455.0063    5062.1371     455.0603    0.9642
   53999.053427    5253.0898     413.3481    5251.3852     413.4003    0.9649
   53999.215378    5371.1158     481.7214    5370.5901     481.7590    0.9777
   54001.995773    5377.5003     489.5909    5372.4549     489.6277    0.9684
   54002.230231    4806.5802     673.6424    4803.4210     673.6630    0.9550
   54002.945239    5633.1275     479.1940    5631.3534     479.2236    0.9803
   54003.073871    5010.2980     609.4344    5003.3908     609.4670    0.9695
   54003.244549    5714.8078     646.6428    5709.9572     646.6683    0.9663
   54006.883741    4583.2466     516.6290    4579.7641     516.6591    0.9633
   54007.074329    5181.0570     526.9234    5171.3647     526.9636    0.9638
   54007.910431    5414.1070     526.3192    5405.4222     526.3624    0.9691
   54008.087064    5228.0433     513.4226    5222.7574     513.4638    0.9746
   54008.226836    5283.7470     489.9564    5281.8692     489.9895    0.9693
   54008.898088    5399.6800     392.4915    5399.7609     392.5362    0.9695
   54008.945724    5241.2893     449.1211    5216.6574     449.1729    0.7977
   54009.155426    4975.5655     424.9646    4975.6023     425.0159    0.9637
   54015.007946    6779.8124     753.0328    6686.8708     753.1256    0.6582
   54015.111460    7235.7242     641.6039    7193.9242     641.6696    0.8054
   54015.877005    6860.1243     444.8784    6847.9752     444.9430    0.9375
   54015.944741    3569.6974     501.5401    3535.2657     501.6010    0.6775
   54017.073755    4733.7305     492.9869    4716.0322     493.0399    0.8731
   54017.177628    4298.7352     534.7221    4286.2577     534.7656    0.8978
   54021.916027    5756.5683     427.5776    5749.5550     427.6439    0.9829
   54022.086752    5117.1994     443.3951    5114.5990     443.4375    0.9666
   54029.056022    5243.0135     467.3943    5240.2462     467.4324    0.9817
   54029.884109    5743.1336     457.6319    5735.2128     457.6869    0.9781
   54030.059377    5362.4235     410.8039    5363.6793     410.8514    0.9727
   54030.873163    6938.4044     555.6652    6921.3981     555.7261    0.9583
   54031.077589    4950.6421     479.7455    4946.9156     479.7872    0.9737
   54032.086225    4847.1719     414.8030    4850.5535     414.8476    0.9634
   54043.866322  -14141.2546         -nan   52367.4637     402.5568    0.8713
   54044.052175    6395.9940     615.9933    6372.1035     616.0574    0.8976
   54044.160766    6385.3508     639.8360    6238.7333     639.9975    0.5654
   54052.823657   -8793.7623     517.2825   -8846.4998     517.3194    0.6018
   54053.143086    3328.0272     450.5841    3239.2156     450.7746    0.5039
   54056.018647    5205.6845     597.2197    5203.5532     597.2474    0.9803
   54056.986806    5335.8549     542.2761    5335.3206     542.3001    0.9812
   54057.070076    5019.1124     730.9400    5014.4477     730.9601    0.9266
   54057.839803   11576.8922     539.3155   11488.1038     539.4779    0.9002
   54062.025685    4918.4151     432.1996    4918.2978     432.2454    0.9624
   54062.816959    5275.7927     476.5440    5267.1186     476.5920    0.9725
   54063.030891    5021.3926     496.9353    5021.6277     496.9629    0.9639
   54067.920162    1882.6618     963.3508    1856.4408     963.4110    0.3339
   54068.951911    5605.5573     655.9792    5601.5745     656.0032    0.9541
   54069.071971    3746.0554     783.7274    3737.0144     783.7525    0.8465
   54069.985316    5260.7407     560.0074    5254.9785     560.0420    0.9713
   54070.975053    5419.8724     672.2635    5339.1467     672.3775    0.6922
   54071.947659    6966.6887     640.2764    6908.1138     640.3838    0.8095
   54072.062691    6664.6761     793.4839    6571.4824     793.5911    0.6426
   54073.024805    6292.8654     589.3064    6155.0600     589.4655    0.5866
   54073.995071    3400.7755     657.4353    3386.1534     657.4713    0.8216
   54075.936159    4092.6379     478.2563    4090.4771     478.3008    0.9355
   54077.016146    4952.6317     797.3642    4947.5306     797.3820    0.9118
   54083.926384    3977.5071     664.9772    3970.8627     665.0006    0.9144
   54091.008425    4590.9345     594.4783    4590.9599     594.4973    0.9529
   54098.870853    4656.0132     725.8272    4647.9803     725.8500    0.9021
   54100.015071    5034.0108     956.2590    5010.6332     956.3093    0.6530
   54100.861408    4394.8901     451.6665    4392.4880     451.7105    0.9271
   54103.964556    4015.4295     594.1288    4001.4593     594.1711    0.8786
   54104.874304    6741.0528     479.3569    6647.3726     479.5053    0.7700
   54105.920547    3595.7819     542.8904    3193.8594     543.4407    0.2906
   54106.868027    1413.2239     628.0256    1238.0657     628.2620    0.1553
   54106.962727    4708.6288     765.1964    4625.8145     765.2831    0.5411
   54108.964487    5209.9692     570.5191    5197.0308     570.5665    0.9291
   54109.870530    5716.6307     414.4323    5650.3792     414.5496    0.7398
   54110.831717    4686.1107     485.7706    4684.2558     485.8034    0.9658
   54113.832469    4026.8314     632.5842    4018.4403     632.6137    0.9288
   54113.945998    5054.9851     881.8397    5048.3157     881.8572    0.8364
   54114.830617    4601.4310     427.4989    4602.4586     427.5484    0.9712
   54116.835981    4925.4947     457.5124    4925.6080     457.5560    0.9829
   54120.835376    4706.2736     878.1848    4703.9509     878.2020    0.7949
   54121.877940    5432.4628     566.2377    5430.2402     566.2689    0.9743
   54122.832745    4973.0782     433.5291    4973.2732     433.5878    0.9724
   54124.835989      -0.0000         -nan       0.0000         -nan      -nan
   54139.849848    4165.5626     439.5272    4161.8327     439.5792    0.8881
   54143.859836    5434.1163     460.4014    5425.2136     460.4524    0.9309
   54153.864041    5500.7008     525.5629    5483.3326     525.6235    0.9343
   54327.069268   -2132.2155     528.7278   -2148.0665     528.8710    0.8415
   54327.176723   -2130.7154     595.2333   -2145.5844     595.3290    0.8799
   54328.172537   -1613.0441     425.3105   -1646.5612     425.6451    0.8151
   54329.014104   -1535.2749     487.6235   -1570.9480     487.8010    0.6499
   54329.160452    -883.7079     451.4791    -915.3537     451.7373    0.5989
   54330.109365   -3584.8282     454.0907   -3664.3141     454.5760    0.8878
   54331.185644   -1776.8528     879.0308   -1781.6162     879.0544    0.7923
   54332.005887   -3271.6657     484.7071   -3328.3946     484.9773    0.8453
   54332.079042   -3086.8799     453.9943   -3129.7774     454.2908    0.8813
   54332.212436   -3710.1468     532.1731   -3734.5498     532.3816    0.9586
   54333.028561   -7768.1832     627.5911   -7845.7235     627.9100    0.9297
   54333.141334   -7583.2011     414.0006   -7804.1831     415.2182    0.9295
   54333.219809   -7638.7305     416.0969   -7856.7874     417.3447    0.9325
   54334.011969   -8471.5176     484.3643   -8643.5395     485.0386    0.9286
   54334.076988   -9197.5739     430.1255   -9447.9490     431.3181    0.9343
   54334.151855   -7603.8749     412.9643   -7840.6869     414.2761    0.9286
   54335.030782   -7381.7800     473.1835   -7512.3903     473.7791    0.9310
   54335.093246   -6598.7294     581.5872   -6637.4841     581.8947    0.9738
   54335.206386   -5711.5474     549.9760   -5760.3777     550.2879    0.9492
   54336.086550   -7046.3118     457.3838   -7200.2374     458.2470    0.9399
   54336.151581   -7003.7627     476.6880   -7125.2953     477.3610    0.9444
   54337.991166  -13711.7110     530.6102  -13906.5743     531.3910    0.9571
   54338.098563  -11999.0017     513.3290  -12141.8744     514.1272    0.9731
   54338.220432  -10299.1329     568.8370  -10392.4034     569.3566    0.9708
   54339.081801   -6937.8709     597.8018   -6963.8072     598.0322    0.9729
   54339.132267   -6014.5242     556.1026   -6064.9082     556.3976    0.9549
   54340.191186   -3995.3341     424.9245   -4115.1634     425.5795    0.8338
   54342.107974     104.5078     387.8316      36.2463     388.3212    0.0170
   54342.165531     -14.1116     393.8448     -86.3741     394.2512    0.0273
   54344.144538     -32.6418     426.2950     -63.5885     426.5537    0.0386
   54358.038062    1490.5243     420.6856    1486.1891     420.8466    0.8820
   54358.071695    1310.8150     490.3055    1305.6253     490.3917    0.8939
   54358.135919    1192.3505     405.8473    1197.4466     406.0337    0.8681
   54359.083823    -723.0129     394.8554    -728.0878     395.1597    0.4566
   54359.138207     -76.4845     390.6337    -101.6158     390.9557    0.0588
   54359.919368    1520.9454     426.7677    1506.2121     426.9187    0.7816
   54359.996993    1631.1848     417.6990    1622.7026     417.8408    0.8672
   54360.211783    2460.9968     415.5945    2446.2650     415.7588    0.9406
   54360.887610    1721.1279     558.0877    1720.6251     558.1350    0.8803
   54361.160972    2252.7896     452.5806    2248.1673     452.6939    0.9205
   54361.216848    2541.4561     511.0906    2533.9115     511.1725    0.9290
   54361.860825    2347.7258     710.4119    2341.2155     710.4373    0.8516
   54361.948813    2548.7542     454.1349    2550.6343     454.2219    0.9601
   54362.169117      -0.0000         -nan       0.0000         -nan      -nan
   54362.880633    2536.9448     404.7255    2533.6813     404.8631    0.8952
   54363.010028    2700.3616     364.9861    2700.7018     365.1797    0.9118
   54363.099807    2665.9138     443.7168    2661.1832     443.8057    0.9432
   54363.233566    3104.5597     597.5003    3100.2604     597.5438    0.9515
   54363.867530    2052.0528     389.3185    2043.1006     389.5103    0.8509
   54363.922113    2526.2437     427.5669    2523.1327     427.6708    0.9401
   54364.044786    2374.5877     382.5249    2382.6285     382.6501    0.9056
   54364.160226    2826.7674     365.2357    2823.6514     365.4494    0.9323
   54368.041842     887.3481     465.7606     888.8053     465.8398    0.6456
   54368.096319     870.6708     503.3015     865.3507     503.3796    0.6757
   54368.897419    1158.6679     409.3115    1131.1552     409.5479    0.5691
   54369.065793     541.5460     565.0300     538.1940     565.0687    0.3571
   54369.133857    1468.4868     551.5388    1461.8139     551.6030    0.7379
   54369.887826    1721.3505     424.3190    1691.1883     424.5061    0.6713
   54370.094450    1459.4363     430.2816    1459.1072     430.4102    0.8086
   54370.916703    1528.9322     427.2751    1514.4479     427.4198    0.7374
   54371.027501    1050.6789     396.2662    1044.9240     396.4224    0.6417
   54371.115939    1662.5978     404.2269    1657.9487     404.3741    0.7858
   54371.215042    2130.6088     466.5636    2125.3438     466.6462    0.8597
   54372.076773     519.1188     422.7038     511.9598     422.9084    0.4730
   54376.069273   -1770.2200     450.7488   -1784.5262     450.9854    0.8883
   54376.145977   -1536.1966     474.7274   -1554.8696     474.9265    0.8120
   54376.214248   -1195.5690     584.6044   -1195.2002     584.6734    0.7377
   54376.890447   -1610.2389     397.4455   -1666.9746     397.9395    0.7668
   54376.996982   -1806.8411     429.7522   -1840.1718     430.0275    0.7926
   54377.120904   -2159.4120     434.8206   -2192.3078     435.1378    0.8275
   54379.896162   -7350.3074     580.2459   -7397.0567     580.4957    0.9641
   54380.104011   -8279.1372     427.9059   -8408.2210     428.7773    0.9625
   54380.232538   -7233.2025     470.0791   -7345.3452     470.6289    0.9235
   54381.884236   -3559.1146     545.6531   -3577.9225     545.7777    0.9458
   54383.006401   -4309.2613     590.0543   -4320.2100     590.1422    0.9550
   54383.866921   -4299.4200     558.4952   -4312.6293     558.6091    0.9595
   54384.040258   -3231.7757     497.8485   -3248.2618     497.9786    0.9281
   54386.853808    1192.2583     613.8243    1177.6652     613.8882    0.5187
   54388.860451    1963.2185     416.8858    1951.9198     417.0458    0.9133
   54389.870875    2849.5188     476.3736    2849.5247     476.4374    0.9565
   54391.868050    3090.2284     486.7655    3080.1289     486.8391    0.9576
   54392.852392    2509.8699     425.3308    2508.0719     425.4465    0.9556
   54393.857552    3208.4606     463.7248    3204.6710     463.7969    0.9607
   54394.054548    3071.1049     428.4551    3074.0932     428.5356    0.9616
   54394.916237    2938.5182     578.5898    2935.4149     578.6222    0.9326
   54395.938779    2989.2579     969.3316    2966.4408     969.3759    0.4851
   54396.035877    3271.5988     971.7037    3269.9328     971.7116    0.7806
   54396.151227    3591.7534     724.4443    3587.6245     724.4639    0.9198
   54396.851539    4119.5420     409.5562    4111.7121     409.6488    0.9342
   54396.993552    3473.9950     407.5700    3476.9699     407.6345    0.9140
   54397.048353    3188.5877     594.9191    3186.2483     594.9498    0.9330
   54397.154204    4140.1894     422.7173    4129.3323     422.7767    0.8067
   54397.888667    4240.3564     427.5977    4236.1854     427.6800    0.9657
   54398.013865    4274.9139     458.4191    4271.8017     458.4774    0.9653
   54398.090305    3934.5936     397.3600    3933.6003     397.4524    0.9467
   54398.837015    4073.7772     408.6918    4064.3713     408.8144    0.9647
   54402.023185    4746.7112     489.2707    4750.0094     489.3058    0.9802
   54403.034103    3878.1458     652.3383    3875.8159     652.3589    0.9325
   54405.005508    3007.4023     447.4902    3007.8598     447.5573    0.9631
   54405.927183    3176.5776     459.1599    3177.6848     459.2188    0.9695
   54406.907883    3519.8625     394.6427    3530.7345     394.7159    0.9448
   54407.841616    3603.2242     429.4623    3601.6681     429.5449    0.9517
   54408.931783    3358.7087     538.7823    3360.6532     538.8094    0.9699
   54409.888016    3429.3709     395.2645    3434.9219     395.3449    0.9442
   54449.848981    4383.7155     487.2162    4381.4288     487.2531    0.9779
   54458.951591    4539.4898     627.9467    4536.6426     627.9721    0.9767
   54464.980226    4968.4286     596.9345    4961.2498     596.9710    0.9721
   54468.853790    4501.2554     516.1806    4496.6085     516.2216    0.9831
   54472.924215    4891.0191     520.1979    4889.8605     520.2307    0.9798
   54477.876428    4881.1681     414.4516    4878.8593     414.5207    0.9681
   54478.915807    4330.2716     539.2987    4330.9614     539.3233    0.9723
   54481.899128    4920.4881     913.8392    4915.4122     913.8617    0.7991
   54721.979146    5091.3957     496.4066    5086.1380     496.4547    0.9753
   54722.130799    5026.0091     483.4921    5021.6281     483.5376    0.9817
   54722.964461    4913.3082     515.9716    4906.6070     516.0154    0.9725
   54723.150340    4937.4448     579.8578    4935.3291     579.8860    0.9751
   54728.888316    5352.1553     728.4169    5351.9906     728.4316    0.9541
   54729.115002    5157.4923     520.7443    5153.7300     520.7790    0.9758
   54729.992063    4836.1945     474.7543    4830.8580     474.8054    0.9727
   54730.867771    5576.1493     548.9820    5572.5228     549.0231    0.9861
   54731.112905    4702.2538     452.5713    4701.6005     452.6179    0.9788
   54731.858816    5385.4533     416.8704    5383.5555     416.9343    0.9853
   54732.056065    4799.6764     383.4952    4801.4795     383.5468    0.9587
   54732.117206    5191.6015     382.4913    5195.3986     382.5590    0.9681
   54732.975148    4644.3843     456.3681    4642.7813     456.4133    0.9645
   54733.114483    5164.2044     420.2209    5161.5149     420.2806    0.9774
   54738.231546    5296.4602     595.6289    5293.6985     595.6565    0.9711
   54742.831602    5281.6866     486.5508    5279.0249     486.5973    0.9762
   54743.027685    4463.9665     730.6413    4459.6304     730.6632    0.9194
   54743.828278    3530.6238     845.8988    3527.0916     845.9159    0.8019
   54744.034301    4649.8555     500.1656    4651.0394     500.1915    0.9770
   54745.971025    4765.3603     500.9287    4761.2056     500.9655    0.9676
   54746.109845    4792.1289     472.0983    4787.4074     472.1443    0.9672
   54746.969733    5098.4004     395.0649    5101.0516     395.1157    0.9629
   54747.012534    4830.1077     438.2408    4826.4749     438.2852    0.9648
   54747.037456    5425.6824     442.1456    5420.7186     442.1904    0.9770
   54747.057180    5648.3830     435.6085    5646.0391     435.6526    0.9769
   54747.110852    5041.6106     409.9355    5040.8725     409.9946    0.9645
   54747.944900    5230.1104     417.5815    5230.0914     417.6335    0.9724
   54748.155688    4767.0287     565.4258    4766.2870     565.4454    0.9573
   54749.990436    4677.7761     691.2661    4671.0280     691.2940    0.8996
   54750.054532    5250.0419     580.4118    5246.4746     580.4403    0.9686
   54754.866813    5225.9876     447.3912    5203.6655     447.4671    0.8899
   54755.022698    5232.0260     487.4821    5227.4115     487.5097    0.9431
   54755.110949    4975.4748     433.3663    4969.2973     433.4259    0.9630
   54756.039912    4558.5436     829.0465    4551.1483     829.0681    0.8465
   54756.208894    5339.0589     914.4586    5314.5401     914.4949    0.7025
   54759.843448    5382.6578     455.4392    5377.1616     455.4947    0.9882
   54760.020326    4545.4283     419.7232    4539.5293     419.7760    0.9214
   54760.114982    5347.0947     502.5101    5345.3691     502.5397    0.9746
   54760.951581    5222.6603     479.2504    5217.5457     479.2929    0.9765
   54761.164093    5161.9911     612.7712    5159.2802     612.7963    0.9659
   54764.833260    5462.9070     716.5080    5457.5804     716.5345    0.9488
   54766.949102    4988.7972     508.2841    4983.7018     508.3181    0.9716
   54776.813932    5000.7044     473.7288    4996.6299     473.7710    0.9639
   54777.114146    5531.6445     656.2020    5526.4294     656.2295    0.9613
   54777.814296    5055.5680     429.2909    5056.5421     429.3349    0.9641
   54778.807330    5926.1854     448.2251    5886.8986     448.2954    0.8517
   54779.889474    4440.3057     739.1731    4355.0109     739.2955    0.5372
   54780.026488    5078.5305     505.3833    5075.1268     505.4086    0.9419
   54781.110710      -0.0000         -nan       0.0000         -nan      -nan
   54781.820937    4725.2929     428.4718    4723.3962     428.5266    0.9501
   54781.993015    4270.1497     736.3672    4263.5348     736.3878    0.8888
   54782.109602    5097.5208     730.7725    5081.7073     730.8083    0.8778
   54782.878280    5007.6434     581.9012    4994.1279     581.9472    0.9343
   54782.961587    4616.2355     719.7241    4603.3827     719.7598    0.8699
   54784.972068    5089.6432     393.6088    5095.1513     393.6635    0.9675
   54785.808638    5051.9155     467.8549    5032.0973     467.9323    0.9362
   54785.958383    4899.8780     862.0345    4896.6268     862.0516    0.8612
   54786.114890    4590.5631     736.7697    4585.3774     736.7894    0.9325
   54786.801530    4698.4289     512.9663    4690.4079     513.0128    0.9638
   54786.944743    5110.4243     504.1830    5107.2968     504.2167    0.9776
   54787.113039    4958.0112     570.1459    4951.3819     570.1809    0.9622
   54787.801133    4916.6005     452.8296    4914.5446     452.8725    0.9568
   54788.009055    5058.1326     571.8736    5053.5645     571.9054    0.9755
   54788.111388    5000.7513     574.1584    4997.1649     574.1835    0.9593
   54788.809424    4475.1254     472.8745    4467.7799     472.9259    0.9499
   54789.824058    5156.2062     585.5096    5149.7160     585.5448    0.9777
   54793.792379    5157.8616     516.2960    5147.1632     516.3400    0.9561
   54794.009876    4762.2109     597.7854    4758.4994     597.8098    0.9693
   54794.887530    4741.4534     443.1739    4738.2904     443.2079    0.9488
   54795.838209    3064.7718     471.3409    2969.8341     471.4660    0.4418
   54798.831529    4898.5461     464.0631    4886.4506     464.1222    0.9470
   54799.819477    4848.8762     549.6854    4842.5868     549.7202    0.9759
   54800.842969    4831.2566     572.0872    4789.5225     572.1751    0.8343
   54801.825306    5532.3775     481.8703    5515.1450     481.9168    0.8963
   54802.053558    4591.4500     571.1235    4588.3517     571.1520    0.9605
   54802.887122    6180.4689     490.8930    5946.9990     491.2244    0.5445
   54804.861224    4275.8433     610.7526    4273.5226     610.7704    0.9527
   54805.824508    4977.6052     460.4558    4974.1219     460.4998    0.9680
   54807.819816    4454.8526     539.1709    4448.5947     539.2121    0.9610
   54807.944722    4909.3440     550.2528    4903.3647     550.2884    0.9668
   54808.803814    5275.5881     560.1909    5262.2760     560.2375    0.9477
   54810.818032   17847.3101     414.9378    9737.8496     423.2680    0.2084
   54811.814957    6567.6029     752.5854    6440.7931     752.7913    0.6509
   54811.944625    5051.6944     796.8481    5047.3524     796.8699    0.8848
   54813.900954    4701.7164     604.1586    4697.9029     604.1897    0.9623
   54814.002216    4090.6263     712.0701    4083.4281     712.0943    0.9057
   54816.808573    4949.6535     769.2507    4946.5945     769.2704    0.8844
   54816.945915    4807.3268     553.2440    4805.9020     553.2742    0.9732
   54817.795868    5020.0122     386.6535    5016.1287     386.7185    0.9473
   54818.793768    5369.3589     459.3803    5358.8959     459.4380    0.9661
   54818.918720    5460.9013     630.5687    5450.8712     630.6089    0.9567
   54819.939857    5154.0002     722.2713    5148.9208     722.3016    0.9454
   54820.870647    4834.8481     515.6215    4830.6841     515.6570    0.9676
   54820.928430    5175.5177     579.4899    5163.9793     579.5220    0.9125
   54821.811562    5026.7894     459.7256    5026.0925     459.7607    0.9671
   54822.020296    5612.8318     589.0573    5607.9060     589.0898    0.9700
   54822.801048    4854.9582     454.0965    4839.6005     454.1474    0.8970
   54828.796834    4920.8654     440.2277    4907.8475     440.2789    0.9144
   54833.799382    5141.3275     414.5166    5134.0272     414.5743    0.9440
   54833.898684    4717.4201     476.0398    4714.7397     476.0849    0.9648
   54834.864915    4722.9579     460.2769    4723.4260     460.3181    0.9716
   54835.932008    4647.6281     474.8490    4648.6704     474.8836    0.9611
   54841.808627    4426.8180     505.9593    4419.6871     506.0008    0.9495
   54844.878420    5215.8965     412.9723    5215.2547     413.0285    0.9675
   54845.807404    5361.1422     417.7627    5355.6858     417.8175    0.9327
   54850.813522    4977.8441     493.5520    4974.6811     493.5951    0.9722
   54851.829471    5532.7600     699.1618    5531.9181     699.1761    0.9291
   54852.906484    4961.4560     457.4195    4959.3114     457.4612    0.9577
   54854.885684    5179.8387     494.0724    5176.9078     494.1180    0.9336
   54857.888094    5648.3792     435.9894    5640.7474     436.0479    0.9524
   54858.811510    5278.6086     419.3064    5270.3389     419.3793    0.9658
   54859.832322    5112.4946     378.2856    5117.4147     378.3523    0.9528
